
Predicted Return by VI [111.85872838 113.568492   121.17193705 123.19605751 123.49864018
 123.44319895 123.46809572 123.87045866 124.02222385 124.43250004
 124.31604544 124.32506188 126.11991102 126.3606608  126.58975227
 126.58456588 126.51455628 126.44289996 126.49068874 126.51249708
 126.56533095 126.55967991 126.57347681 126.68957682 126.66176113]
Predicted Return by R*U [111.85344866 113.5632184  121.16672152 123.19085136 123.49343403
 123.43799236 123.46288903 123.86525252 124.01701887 124.42729541
 124.31084023 124.31985674 126.11471064 126.35546094 126.58455289
 126.57936632 126.50935609 126.43770003 126.4854892  126.50729759
 126.56013194 126.55448086 126.56827775 126.68437798 126.65656206]
Predicted Return by RMDP0.0 [111.85872838 113.568492   121.17193705 123.19605751 123.49864018
 123.44319895 123.46809572 123.87045866 124.02222385 124.43250004
 124.31604544 124.32506188 126.11991102 126.3606608  126.58975227
 126.58456588 126.51455628 126.44289996 126.49068874 126.51249708
 126.56533095 126.55967991 126.57347681 126.68957682 126.66176113]
Predicted Return by RMDP0.2 [ 97.73493861  99.74878451 106.2999082  107.91170291 109.08318051
 109.03009409 109.10706286 109.65667058 109.7999811  110.34442061
 110.19487692 110.20367671 112.5161098  112.82196642 113.09931752
 113.11209015 113.05836515 112.93594946 112.97937927 113.01142208
 113.05395789 113.04422402 113.06557991 113.21811334 113.19345055]
Predicted Return by RMDP0.4 [85.60931356 86.19841479 91.84511778 93.12968705 94.69467355 94.64498169
 94.76408196 95.45323578 95.58614634 96.289743   96.12026143 96.12863276
 98.92807682 99.2994079  99.62525167 99.65329985 99.61328866 99.44425425
 99.48487695 99.52808771 99.56203783 99.5444159  99.57225301 99.75991421
 99.7376865 ]
Predicted Return by RMDP0.5 [79.65937961 80.21152748 84.62498947 85.96451644 87.57645958 87.53022501
 87.6507029  88.40511911 88.52928879 89.31485037 89.14407973 89.15200809
 92.15505532 92.56324206 92.91150929 92.94484853 92.91462853 92.72332938
 92.76245093 92.80786398 92.83751017 92.81432251 92.84507858 93.0491046
 93.028827  ]
Predicted Return by RMDP0.6 [74.99449821 75.47592922 78.49091427 80.7109957  80.7109957  80.66789109
 80.78733564 81.36170634 81.47644051 82.34196354 82.17514812 82.18258876
 85.38597644 85.83127185 86.20415786 86.24444904 86.21917504 86.0057124
 86.04344597 86.08850758 86.11441482 86.09327794 86.12679993 86.34478502
 86.32502901]
Predicted Return by RMDP0.8 [65.23830095 65.62747566 66.82077147 68.4285584  68.4285584  68.39319267
 68.5036354  68.54656649 68.63668448 68.62423722 68.4981002  68.5036354
 71.90959974 72.42798038 72.85311331 72.89595285 72.87364092 72.61942491
 72.6534729  72.69633951 72.71995588 72.70031883 72.73898195 72.99033976
 72.97221017]
Predicted Return by RMDP0.9 [60.20218382 60.56040161 61.60680547 62.58731772 62.58731772 62.56276891
 62.64220086 62.67195905 62.73436128 62.72574734 62.63836264 62.64220086
 65.74968553 65.77684178 66.22576402 66.26607112 66.2450791  65.97124386
 66.0030931  66.04318445 66.06526853 66.04690575 66.08770533 66.35485131
 66.33780152]
Predicted Return by RMDP1.0 [55.08808298 55.42181149 56.34708815 56.84023308 56.84023308 56.82889168
 56.86687664 56.88059733 56.90934432 56.90537812 56.86510638 56.86687664
 59.57153401 59.55038874 59.59624964 59.63398265 59.61433185 59.63008886
 59.66074387 59.6993272  59.72057833 59.70290825 59.70647349 59.71707533
 59.70111971]
Predicted Return by RMDP1.2 [44.67565496 44.97368221 45.72885672 46.12586477 46.12586477 46.12586477
 46.14954366 46.16172291 46.18720796 46.18369442 46.14797155 46.14954366
 47.39163676 47.37374412 47.41254869 47.44447082 47.42784683 47.44117689
 47.46710799 47.49974129 47.51771316 47.50276985 47.505785   47.51475081
 47.50125725]
Predicted Return by RMDP1.4 [34.07880923 34.35263473 35.01529074 35.35643752 35.35643752 35.35643752
 35.35643752 35.35643752 35.36521505 35.3620732  35.35643752 35.35643752
 36.04063802 36.04063802 36.04063802 36.04063802 36.04063802 36.04063802
 36.04063802 36.04906689 36.05370867 36.04984912 36.05062788 36.05294356
 36.04945844]
Predicted Return by RMDP1.6 [23.44681568 23.69742269 24.19180971 24.48932391 24.48932391 24.48932391
 24.48932391 24.48932391 24.48932391 24.48932391 24.48932391 24.48932391
 25.08471478 25.08471478 25.08471478 25.08471478 25.08471478 25.08471478
 25.08471478 25.08471478 25.08471478 25.08471478 25.08471478 25.08471478
 25.08471478]
Predicted Return by RMDP1.8 [17.16877503 17.32530508 17.60228014 17.78806108 17.78806108 17.78806108
 17.78806108 17.78806108 17.78806108 17.78806108 17.78806108 17.78806108
 18.15964473 18.15964473 18.15964473 18.15964473 18.15964473 18.15964473
 18.15964473 18.15964473 18.15964473 18.15964473 18.15964473 18.15964473
 18.15964473]

Predicted Return by RSMDP0.5 [55.92672428 56.7816092  60.58336075 61.59542568 61.74671701 61.71899618
 61.73144452 61.93262626 62.00850943 62.2136477  62.15542011 62.15992822
 63.05735512 63.17773044 63.29227641 63.28968311 63.25467799 63.21885002
 63.24274063 63.25364588 63.28006596 63.27724043 63.28413686 63.34218897
 63.32828091]

Predicted Return by RSMDP0.55 [61.51939676 62.45977012 66.64169683 67.75496825 67.92138871 67.89089574
 67.9045872  68.12588888 68.20936038 68.43501228 68.37096211 68.37592029
 69.36309081 69.49550343 69.62150409 69.61865147 69.58014549 69.54073498
 69.56701875 69.57901367 69.60807249 69.60496447 69.61255019 69.67640775
 69.66110913]

Predicted Return by RSMDP0.6 [67.1120692  68.13793104 72.70003265 73.91451061 74.09606041 74.06279528
 74.07773034 74.31915036 74.41021093 74.6563758  74.58650364 74.59191404
 75.66882636 75.81327656 75.95073165 75.94761979 75.9056135  75.86261998
 75.89129346 75.90437855 75.93607916 75.93268852 75.94096657 76.01062676
 75.99393723]

Predicted Return by RSMDP0.65 [72.70474163 73.81609196 78.75836899 80.07405339 80.27073212 80.23469457
 80.25087658 80.51241401 80.61106227 80.87774201 80.80204613 80.80790688
 81.97456192 82.13104876 82.27995934 82.27658792 82.23108144 82.18450502
 82.21556797 82.2297434  82.26408571 82.26041256 82.26937948 82.34484568
 82.32676533]

Predicted Return by RSMDP0.7 [78.29741406 79.49425288 84.81670506 86.23358863 86.44540382 86.40659465
 86.42402227 86.70567677 86.81191278 87.09910578 87.01758816 87.02389967
 88.28029745 88.44882255 88.60918702 88.60555642 88.55654925 88.50639002
 88.53984244 88.55510831 88.59209235 88.5881366  88.59779442 88.67906458
 88.65959343]

Predicted Return by RSMDP0.75 [83.89008649 85.1724138  90.8750411  92.39313852 92.62007551 92.57849387
 92.59716667 92.89893939 93.01276415 93.32047155 93.23313015 93.23989255
 94.58603298 94.76659558 94.93841422 94.93452474 94.88201706 94.828275
 94.86411689 94.88047317 94.92009889 94.91585756 94.92620831 95.01328331
 94.99242151]

Predicted Return by RSMDP0.8 [ 89.48275892  90.85057472  96.93337689  98.55267975  98.79474722
  98.75039388  98.77031123  99.09220202  99.2136151   99.54183479
  99.44867217  99.45588536 100.8917685  101.08436875 101.26764231
 101.26349305 101.20748487 101.15016003 101.18839135 101.20583804
 101.24810555 101.24358469 101.2546222  101.34750238 101.32524964]

Predicted Return by RSMDP0.85 [ 95.07543135  96.52873564 102.99171329 104.71222361 104.96941839
 104.9222924  104.94345562 105.28546445 105.41446597 105.76320109
 105.66421419 105.67187823 107.19750404 107.4021418  107.59686995
 107.59246137 107.53295267 107.47204503 107.51266582 107.53120295
 107.57611214 107.57130873 107.58303608 107.68171984 107.65807774]

Predicted Return by RSMDP0.9 [100.66810379 102.20689643 109.05004915 110.87176352 111.14408573
 111.09419311 111.11659908 111.4787263  111.61531699 111.98456587
 111.8797562  111.88787106 113.50323957 113.71991469 113.9260976
 113.92142963 113.85842047 113.79393003 113.83694028 113.85656783
 113.90411874 113.89903259 113.91144997 114.01594016 113.99090585]

Predicted Return by RSMDP0.95 [106.26077623 107.88505684 115.10838539 117.03130532 117.31876229
 117.26609235 117.28974452 117.67198989 117.81616777 118.20593063
 118.09529818 118.10386375 119.80897511 120.03768789 120.25532506
 120.25039763 120.18388826 120.11581494 120.16121474 120.18193168
 120.23212496 120.22675682 120.23986386 120.35015908 120.32373384]

Predicted Return by RSMDP1.0 [111.85344865 113.5632184  121.16672151 123.19085133 123.49343391
 123.43799235 123.46288896 123.86525249 124.01701881 124.42729537
 124.31084021 124.31985673 126.11471063 126.35546087 126.58455287
 126.57936611 126.50935607 126.43769987 126.48548914 126.50729758
 126.56013193 126.55448085 126.56827773 126.68437793 126.65656175]

Predicted Return by RSMDP0.97 [108.49784518 110.15632185 117.53171984 119.49512581 119.78863101
 119.73485247 119.75900236 120.14929494 120.29650831 120.69447644
 120.58151496 120.59026104 122.33126913 122.56479711 122.7870163
 122.78198532 122.71407494 122.6445674  122.69092452 122.71207866
 122.76332798 122.75784637 122.77122908 122.88384663 122.85686518]

Predicted Return by RSMDP0.98 [109.61637969 111.29195393 118.7433868  120.72703416 121.02356535
 120.96923252 120.99363125 121.38794747 121.5366785  121.9387495
 121.82462342 121.8334596  123.59241627 123.82835172 124.05286183
 124.04777899 123.97916896 123.90894603 123.9557794  123.97715147
 124.02892929 124.02339109 124.03691215 124.15069041 124.12343075]

Predicted Return by RSMDP0.99 [110.73491417 112.42758622 119.9550543  121.95894282 122.25849969
 122.20361244 122.22826014 122.6266     122.77684868 123.18302245
 123.06773182 123.07665817 124.85356353 125.09190633 125.31870736
 125.31357265 125.24426252 125.17332285 125.2206343  125.24222453
 125.29453061 125.28893589 125.30259496 125.41753413 125.38999636]

Process finished with exit code 0
