
Predicted Return by VI [ 80.14835942 117.2657863  109.82603114  81.13276404  70.10880052
  65.95446309  65.79740487  64.38967238  65.89855506  66.09283106
  67.03578208  67.26519682  63.90760835  63.52528816  66.7805012
  64.27215336  62.90996242  61.53259537  62.06266501  63.00810163
  63.69190898  62.31887648  63.67370728  63.60526294  63.04514365]
Predicted Return by R*U(OriginalDual) [ 80.14299126 117.26075974 109.82094423  81.12749225  70.10326252
  65.9488874   65.79182585  64.38407564  65.89297013  66.08724463
  67.03019563  67.25962229  63.90201696  63.51969401  66.77492743
  64.26656176  62.9043582   61.52697621  62.0570509   63.00249421
  63.68631127  62.31326218  63.66810632  63.59966043  63.03953301]
Predicted Return by RMDP0.0 [ 80.14835942 117.2657863  109.82603114  81.13276404  70.10880052
  65.95446309  65.79740487  64.38967238  65.89855506  66.09283106
  67.03578208  67.26519682  63.90760835  63.52528816  66.7805012
  64.27215336  62.90996242  61.53259537  62.06266501  63.00810163
  63.69190898  62.31887648  63.67370728  63.60526294  63.04514365]
Predicted Return by RMDP0.2 [55.22553775 84.10291056 72.80983087 51.3765199  45.05018999 41.67962063
 41.6275206  41.61284649 41.91220551 42.28631112 43.55991162 42.12845961
 39.06918853 39.02547312 42.13631853 40.01057739 39.3135147  38.12070707
 38.75657663 39.55392859 39.88005981 39.12111462 39.49689651 39.16615527
 39.23966315]
Predicted Return by RMDP0.4 [34.57509999 57.50329236 44.5831251  31.52029379 25.96223452 24.57558558
 24.90574854 25.61966174 26.51751607 26.47452311 27.33178199 24.98787065
 23.44594222 23.88859796 25.62326854 24.34679867 23.93148192 23.10556391
 22.99522564 23.62763759 23.76026822 23.36005608 23.76073552 23.25439979
 23.81705913]
Predicted Return by RMDP0.5 [27.04631332 44.40512714 34.55564664 25.30797818 19.57270076 18.87706877
 19.49373077 21.0133468  21.38232864 21.62720907 22.39344965 19.85286993
 18.64528396 19.09792382 20.31203174 19.3369525  19.25704243 18.92094733
 18.86655421 19.32655257 19.48321128 19.17856539 19.43108442 19.25553382
 19.70514264]
Predicted Return by RMDP0.6 [21.71635466 35.62300593 27.00030018 20.85382773 15.81409613 15.26458552
 15.70633204 17.40823348 17.64228371 17.83737831 18.43567395 16.78249941
 15.89737815 16.23519742 17.17388028 16.48138225 16.44376745 16.21336286
 16.12654566 16.37086747 16.52480391 16.38765337 16.62944992 16.49106312
 16.86074106]
Predicted Return by RMDP0.8 [14.5798532  22.91034242 17.67599245 15.17919773 12.04329717 11.66884126
 12.06482779 12.66609113 13.07003004 13.00288609 13.35119137 12.88447014
 12.45152099 12.66879127 13.47610852 13.06823234 12.98914621 12.85316448
 12.70287206 12.76793329 12.86920619 12.82073452 13.01309237 12.95661528
 13.07114636]
Predicted Return by RMDP0.9 [12.8131688  19.2686472  15.43984789 13.38478893 10.97070408 10.71485214
 11.11579476 11.44949268 11.61259899 11.60387021 11.92417465 11.74530022
 11.44549108 11.61262556 12.3099121  11.97115831 11.91958741 11.80068723
 11.62105643 11.62734362 11.68839253 11.70034103 11.86748377 11.83898982
 11.90625295]
Predicted Return by RMDP1.0 [11.61058941 16.38948787 13.82474555 11.94039707 10.26846719 10.02266771
 10.41257414 10.53866787 10.54598676 10.64412809 10.9130027  10.87946986
 10.7154256  10.8406024  11.48680459 11.13544124 11.0982487  10.97693086
 10.77955029 10.77282506 10.81372846 10.89037096 11.05817724 11.05057542
 11.04104903]
Predicted Return by RMDP1.2 [10.29533952 12.63411952 11.83094028 10.56577234  9.4986524   9.32206632
  9.47318892  9.42757564  9.4550066   9.59195949  9.82999171  9.78963618
  9.78292079  9.82338034 10.35335298 10.12380314 10.06296628 10.06490003
  9.92432337  9.93062391  9.94974041  9.94676936 10.01808199 10.04569849
 10.12103373]
Predicted Return by RMDP1.4 [ 9.50920144 10.67014852 10.41941819  9.61685917  8.91903566  8.83046373
  8.86042623  8.80185525  8.83861775  8.92179238  9.16634747  9.14084747
  9.14084747  9.16624122  9.58623018  9.40873743  9.36602493  9.37027493
  9.29092347  9.28763079  9.29649947  9.27056597  9.28459124  9.29936849
  9.36522923]
Predicted Return by RMDP1.6 [8.94648711 9.44401249 9.42941    8.95178963 8.52744578 8.44591775
 8.47588025 8.47715525 8.46334275 8.4755615  8.65167725 8.60535225
 8.60535225 8.62490225 8.89168149 8.78575662 8.77491912 8.77916912
 8.75740238 8.74180063 8.7507235  8.7368175  8.7368175  8.74967163
 8.76094263]
Predicted Return by RMDP1.8 [8.45081396 8.62304092 8.64607708 8.45105034 8.25060145 8.1963365
 8.1963365  8.21939275 8.20876775 8.20876775 8.29142441 8.28079941
 8.28079941 8.28079941 8.38530215 8.33217715 8.33217715 8.33217715
 8.32329941 8.32329941 8.32329941 8.32329941 8.32329941 8.32329941
 8.32329941]


Predicted Return by RSMDP0.5 [40.07149563 58.63037977 54.91047212 40.56374489 35.05163123 32.9744437
 32.89591292 32.19203728 32.94648456 33.04362231 33.51509781 33.62981095
 31.95100848 31.75984697 33.38746366 32.13328088 31.452179   30.76348808
 31.02852544 31.5012471  31.84315564 31.15663109 31.83405316 31.7998302
 31.51976608]

Predicted Return by RSMDP0.55 [44.07864519 64.49341783 60.40151933 44.62012074 38.55679405 36.27188798
 36.18550413 35.41124153 36.24113336 36.34798455 36.86660757 36.99279219
 35.14610872 34.93583167 36.72620989 35.34660897 34.59739701 33.8398369
 34.13137797 34.65137178 35.02747105 34.2722942  35.01745847 34.97981322
 34.67174316]

Predicted Return by RSMDP0.6 [48.08579475 70.35645584 65.89256654 48.67649535 42.06195751 39.56933243
 39.47509551 38.63044537 39.53578187 39.65234596 40.21811723 40.35577337
 38.34121017 38.11181615 40.06495645 38.55993698 37.74261489 36.91618552
 37.23423042 37.80149652 38.2117866  37.3879573  38.2008636  38.15979626
 37.82371977]

Predicted Return by RSMDP0.65 [52.09294413 76.21949382 71.38361375 52.73286996 45.56712064 42.86677678
 42.76468669 41.84964917 42.83043029 42.95670901 43.56962713 43.7187544
 41.53631102 41.2878011  43.40370283 41.77326511 40.88783283 39.99253451
 40.33708306 40.95162123 41.39610233 40.50362042 41.3842691  41.33977905
 40.97569646]

Predicted Return by RSMDP0.7 [56.10009388 82.08253177 76.87466096 56.78924456 49.07228367 46.16422118
 46.05427809 45.06885295 46.12507908 46.26107124 46.92113694 47.0817356
 44.73141187 44.4637858  46.7424492  44.98659323 44.03305074 43.06888269
 43.43993563 44.10174594 44.58041789 43.6192835  44.56767442 44.51976229
 44.12767311]

Predicted Return by RSMDP0.75 [60.10724342 87.94556971 82.36570817 60.84561919 52.57744684 49.46166554
 49.34386939 48.28805673 49.4197276  49.56543347 50.27264672 50.44471672
 47.92651272 47.63977048 50.08119552 48.19992132 47.17826863 46.14523043
 46.54278818 47.25187066 47.76473345 46.73494664 47.75107973 47.69974531
 47.27964966]

Predicted Return by RSMDP0.8 [64.11439298 93.80860775 87.85675539 64.90199376 56.08261001 52.75910979
 52.63346066 51.5072605  52.7143761  52.86979569 53.6241565  53.80769771
 51.12161353 50.81575521 53.41994195 51.41324939 50.32348655 49.2215809
 49.64564072 50.4019953  50.94904902 49.85060975 50.93448505 50.87972834
 50.43162532]

Predicted Return by RSMDP0.85 [68.12154161 99.67164576 93.34780259 68.95836842 59.58777313 56.05655429
 55.92305197 54.72646429 56.00902461 56.17415794 56.97566626 57.17067892
 54.3167144  53.99173989 56.75868832 54.62657749 53.46870446 52.29792976
 52.74849327 53.55211993 54.13336458 52.96627286 54.11789037 54.05971136
 53.58360265]

Predicted Return by RSMDP0.9 [ 72.12869204 105.53468375  98.83884981  73.01474298  63.09293626
  59.35399862  59.21264326  57.94566808  59.3036731   59.47852017
  60.32717606  60.53366006  57.51181526  57.16772449  60.09743469
  57.83990558  56.61392237  55.37427859  55.85134581  56.70224477
  57.31768013  56.08193596  57.30129566  57.23969227  56.73557971]

Predicted Return by RSMDP0.95 [ 76.13584167 111.39772175 104.32989702  77.07111711  66.59809939
  62.65144297  62.50223455  61.16487186  62.59832162  62.7828824
  63.67868559  63.89664117  60.70691611  60.34370931  63.43618106
  61.05323211  59.75914029  58.4506274   58.95419836  59.85236949
  60.50199571  59.19759907  60.484701    60.4196774   59.88755331]

Predicted Return by RSMDP1.0 [ 80.14299125 117.26075969 109.82094423  81.12749214  70.10325715
  65.94888732  65.79182558  64.38407564  65.89297     66.08724463
  67.03019563  67.25962213  63.90201696  63.5196936   66.77492743
  64.26656172  62.90435819  61.5269762   62.05705057  63.00249407
  63.68631071  62.31326206  63.66810632  63.59966042  63.03953297]

Predicted Return by RSMDP0.97 [ 77.73870151 113.74293619 106.52631591  78.69366748  68.0001646
  63.97042077  63.81807107  62.45255337  63.91618101  64.10462729
  65.01928976  65.24183362  61.9849564   61.61410315  64.77167961
  62.33856349  61.01722743  59.68116692  60.19533938  61.11241938
  61.77572193  60.44386431  61.75806313  61.69167061  61.14834701]

Predicted Return by RSMDP0.98 [ 78.54013143 114.91554454 107.62452535  79.50494238  68.70119727
  64.62990963  64.4759893   63.09639345  64.5751107   64.76549963
  65.68959167  65.91442984  62.62397662  62.24930013  65.43942885
  62.98123051  61.64627103  60.29643668  60.81590988  61.7424443
  62.412585    61.06699694  62.39474419  62.3276672   61.77874234]

Predicted Return by RSMDP0.99 [ 79.34156134 116.08815207 108.72273479  80.31621496  69.40222989
  65.28939789  65.13390754  63.74023479  65.23404034  65.42637138
  66.35989358  66.58702607  63.26299679  62.88449706  66.10717816
  63.62389614  62.27531461  60.91170644  61.4364804   62.37246926
  63.04944812  61.69012956  63.03142525  62.96366374  62.40913749]

