#River Swim
radius = np.array([0.0, 0.3, 0.6, 0.9, 1.2, 1.5]) 
Record_Pre: [58.6 38.6 27.2 20.2 15.  11.3]
Record_Dif: [-4.2 15.8 27.2 34.2 39.4 43.1]

Target_COEF = np.array([0.5, 0.6, 0.7, 0.8, 0.9, 1.0])
Record_Pre: [29.3 35.2 41.  46.9 52.7 58.6]
Record_Dif: [23.5 17.7 11.8  5.9  0.8 -4.2]


radius = np.array([0.0, 0.3, 0.6, 0.9, 1.2, 1.5]) 
Record_Pre: [58.6 38.6 27.2 20.2 15.  11.3]
Record_Sam: [54.4 54.4 54.4 54.4 54.4 54.4]
Record_Dif: [-4.2 15.8 27.2 34.2 39.4 43.1]

Target_COEF = np.array([1.0, 0.9, 0.8, 0.7, 0.6, 0.5])
Record_Pre: [58.6 52.7 46.9 41.  35.2 29.3]
Record_Sam: [54.4 53.5 52.8 52.8 52.8 52.8]
Record_Dif: [-4.2  0.8  5.9 11.8 17.7 23.5]



#Machine Replacement
radius = np.array([0.0, 0.3, 0.6, 0.9, 1.2, 1.5]) 
Record_Pre: [123.9  99.9  76.1  52.8  30.2  20.7]
Record_Dif: [-10.6  13.7  37.5  60.8  83.4  92.9]

Target_COEF = np.array([1.0, 0.9, 0.8, 0.7, 0.6, 0.5])
Record_Pre: [ 62.   74.4  86.7  99.1 111.5 123.9]
Record_Dif: [ 48.9  38.6  26.2  13.8   1.4 -10.6]


radius = np.array([0.0, 0.3, 0.6, 0.9, 1.2, 1.5])
Record_Pre: [123.9  99.9  76.1  52.8  30.2  20.7]
Record_Sam: [113.3 113.6 113.6 113.6 113.6 113.6]
Record_Dif: [-10.6  13.7  37.5  60.8  83.4  92.9]

Target_COEF = np.array([1.0, 0.9, 0.8, 0.7, 0.6, 0.5])
Record_Pre: [123.9 111.5  99.1  86.7  74.4  62. ]
Record_Sam: [113.3 112.9 112.9 112.9 113.  110.9]
Record_Dif: [-10.6   1.4  13.8  26.2  38.6  48.9]



#Grid World
radius = np.array([0.0, 0.3, 0.6, 0.9, 1.2, 1.5]) 
Record_Pre: [55.9 26.6 15.5 11.1  9.4  8.5]
Record_Dif: [-2.3 27.  38.6 42.9 44.6 45.4]

Target_COEF = np.array([0.5, 0.6, 0.7, 0.8, 0.9, 1.0])
Record_Pre: [27.9 33.5 39.1 44.7 50.3 55.9]
Record_Dif: [25.6 20.  14.5  8.9  3.3 -2.3]


radius = np.array([0.0, 0.3, 0.6, 0.9, 1.2, 1.5]) 
Record_Pre: [55.9 26.6 15.5 11.1  9.4  8.5]
Record_Sam: [53.6 53.6 54.  54.  54.  53.8]
Record_Dif: [-2.3 27.  38.6 42.9 44.6 45.4]

Target_COEF = np.array([1.0, 0.9, 0.8, 0.7, 0.6, 0.5])
Record_Pre: [55.9 50.3 44.7 39.1 33.5 27.9]
Record_Sam: [53.6 53.6 53.6 53.6 53.5 53.5]
Record_Dif: [-2.3  3.3  8.9 14.5 20.  25.6]

